Photon Energy,Absorption
eV,
,As Deposited
910.20001221,0.00182562987787668
910.40002441,-0.00142817780103671
910.59997559,0.00275600937846888
910.79998779,0.00104464547752523
911,0.001384456908504
911.20001221,0.00220783587902217
911.40002441,0.00315607308151941
911.59997559,0.00358391893755076
911.79998779,0.00300034704112332
912,0.00142462822503931
912.20001221,0.00331147954116137
912.40002441,0.00443547533656989
912.59997559,0.00289801006959331
912.79998779,0.00435723975042537
913,0.00285830804274484
913.20001221,0.00172851252302637
913.40002441,0.00365258516883077
913.59997559,0.00601584217601272
913.79998779,0.00299380343821463
914,0.00572331805769251
914.20001221,0.00438289372386922
914.40002441,0.00487645204392654
914.59997559,0.00489214013192528
914.79998779,0.00790299938578093
915,0.00370682500898925
915.20001221,0.00482834330793351
915.40002441,0.00842428493006657
915.59997559,0.0066478420552581
915.79998779,0.00745896666325715
916,0.00845374800974155
916.20001221,0.00709060638404865
916.40002441,0.00674443678425566
916.59997559,0.00679860536262969
916.79998779,0.00860151485637051
917,0.00742462365488458
917.20001221,0.00996091685099062
917.40002441,0.00744078741184945
917.59997559,0.00859827084097756
917.79998779,0.00930790683931834
918,0.00836403553740524
918.20001221,0.00783269329311883
918.40002441,0.0116141902010952
918.59997559,0.0113871736698738
918.79998779,0.0105589440666151
919,0.0108164923033582
919.20001221,0.0115842743333918
919.40002441,0.00945481292037814
919.59997559,0.00977191663599601
919.79998779,0.00881072506486995
920,0.0103580463633937
920.20001221,0.0122009406432784
920.40002441,0.0122722815487147
920.59997559,0.0127154535179866
920.79998779,0.0128872450319457
921,0.011795621742433
921.20001221,0.0167030953410353
921.40002441,0.0157446908670342
921.59997559,0.0165165674915692
921.79998779,0.0160817660665446
922,0.0153685702590235
922.20001221,0.0172789904789979
922.40002441,0.0169638683783197
922.59997559,0.0170823756938224
922.79998779,0.016048707404219
923,0.0202585687260319
923.20001221,0.0183729866907171
923.40002441,0.0169604927327452
923.59997559,0.0228307974605949
923.79998779,0.0193439572861253
924,0.019771719453358
924.20001221,0.02078714022408
924.40002441,0.0236153594155091
924.59997559,0.024942009785883
924.79998779,0.0225210387552452
925,0.0268987778148068
925.20001221,0.0231413353502179
925.40002441,0.0258660161185334
925.59997559,0.026710726544694
925.79998779,0.0265042595245558
926,0.0309942825453902
926.20001221,0.0308716561239557
926.40002441,0.0320720946041148
926.59997559,0.0327272910230932
926.79998779,0.036192262059397
927,0.035173548341956
927.20001221,0.0385569611859401
927.40002441,0.0406780004108017
927.59997559,0.0418545853733491
927.79998779,0.0452203947638179
928,0.0474698794918177
928.20001221,0.0526670449773037
928.40002441,0.0535949239625576
928.59997559,0.0562504792558869
928.79998779,0.0633594326413283
929,0.0705898148289976
929.20001221,0.0761654145530256
929.40002441,0.0839565805455031
929.59997559,0.0997835845912216
929.79998779,0.114391300909507
930,0.136941905451401
930.20001221,0.172135785002843
930.40002441,0.219034034173841
930.59997559,0.289001228048593
930.79998779,0.393846577524964
931,0.553507287017125
931.20001221,0.728801783729814
931.40002441,0.903898244541944
931.59997559,0.996739590658746
931.79998779,0.999080224899464
932,0.936530416368967
932.20001221,0.858408412846643
932.40002441,0.778829748914213
932.59997559,0.709129087044034
932.79998779,0.661943339197758
933,0.636849205126006
933.20001221,0.606212277246262
933.40002441,0.549268502424421
933.59997559,0.478207936330518
933.79998779,0.417732298843748
934,0.357148607584321
934.20001221,0.30638082324452
934.40002441,0.27339457427943
934.59997559,0.241453517410804
934.79998779,0.223093963487287
935,0.210879162712803
935.20001221,0.200878714096928
935.40002441,0.201339676615675
935.59997559,0.206646623405632
935.79998779,0.213120320615159
936,0.224209435818012
936.20001221,0.234202075809003
936.40002441,0.244911488456898
936.59997559,0.253584005580241
936.79998779,0.256769750340205
937,0.2572300882318
937.20001221,0.255329315637896
937.40002441,0.254681604600083
937.59997559,0.252436500951256
937.79998779,0.248298032606686
938,0.245561000457362
938.20001221,0.245639993773489
938.40002441,0.247201776779264
938.59997559,0.248791498461936
938.79998779,0.24914385123673
939,0.25185199316135
939.20001221,0.247557078319712
939.40002441,0.248896809794332
939.59997559,0.251730467646457
939.79998779,0.247147878492591
940,0.247409324893754
940.20001221,0.239668990759411
940.40002441,0.238408058769612
940.59997559,0.231513009024503
940.79998779,0.229630379360725
941,0.227428602658892
941.20001221,0.226033785981431
941.40002441,0.221654496868328
941.59997559,0.225675598266314
941.79998779,0.225130414051996
942,0.225903364524317
942.20001221,0.228579670122335
942.40002441,0.23437142524236
942.59997559,0.24304373929279
942.79998779,0.247688373196196
943,0.252341066349109
943.20001221,0.259615036843871
943.40002441,0.259116583355536
943.59997559,0.258090198667776
943.79998779,0.259778094031329
944,0.258103284424088
944.20001221,0.257258612675116
944.40002441,0.257456263846372
944.59997559,0.257317432069212
944.79998779,0.255719126687775
945,0.25919589797814
945.20001221,0.263425719159916
945.40002441,0.262848545940855
945.59997559,0.259909594923234
945.79998779,0.268687654108474
946,0.273034885078486
946.20001221,0.278409121649748
946.40002441,0.280470093535604
946.59997559,0.285814859108369
946.79998779,0.281176261096677
947,0.281275442101469
947.20001221,0.278287705400453
947.40002441,0.273933438716544
947.59997559,0.275302671520278
947.79998779,0.273489142609888
948,0.272705319421185
948.20001221,0.271763923995475
948.40002441,0.273823813748849
948.59997559,0.273727717660026
948.79998779,0.276445259669306
949,0.282572814482091
949.20001221,0.286301949492
949.40002441,0.295697664643646
949.59997559,0.301237550007669
949.79998779,0.312901379015277
950,0.321111515827966
950.20001221,0.341282063403059
950.40002441,0.358277685139601
950.59997559,0.383951065361007
950.79998779,0.429835398511487
951,0.489994731972658
951.20001221,0.553436106706522
951.40002441,0.610010336550446
951.59997559,0.650456125740652
951.79998779,0.656634900990793
952,0.646634205787496
952.20001221,0.625372674079561
952.40002441,0.60818795231914
952.59997559,0.591884045366052
952.79998779,0.587377676851187
953,0.571001150488866
953.20001221,0.562495946830419
953.40002441,0.546303662378409
953.59997559,0.524505778550994
953.79998779,0.505320760662571
954,0.487702776877
954.20001221,0.47117677336261
954.40002441,0.457848138070772
954.59997559,0.447183999071894
954.79998779,0.438224773652764
955,0.430485599761347
955.20001221,0.431543731510824
955.40002441,0.427333774755284
955.59997559,0.428478292426647
955.79998779,0.428509902423403
956,0.431832161485101
956.20001221,0.434039970960443
956.40002441,0.436022374499128
956.59997559,0.441624795399023
956.79998779,0.444603800643429
957,0.444699150734486
957.20001221,0.445194647749859
957.40002441,0.441972851068419
957.59997559,0.443555885342975
957.79998779,0.444424723756218
958,0.442225509261583
958.20001221,0.441276648321164
958.40002441,0.442498492957216
958.59997559,0.448010529580693
958.79998779,0.449331429650438
959,0.451377763321935
959.20001221,0.450964814814531
959.40002441,0.452868412822177
959.59997559,0.457328891175185
959.79998779,0.459181329030725
960,0.460374735218847
960.20001221,0.461843635622924
960.40002441,0.461077312293688
960.59997559,0.464451327499726
960.79998779,0.466362313374912
961,0.467853005868843
961.20001221,0.469469166184908
961.40002441,0.474806933335386
961.59997559,0.480484181318377
961.79998779,0.478366736011296
962,0.481678990918282
962.20001221,0.485028563949227
962.40002441,0.481566088885893
962.59997559,0.485414929768006
962.79998779,0.48723470885397
963,0.484101826968731
963.20001221,0.486201564823833
963.40002441,0.484505876925773
963.59997559,0.489003153396104
963.79998779,0.488880416973357
964,0.486000709117484
964.20001221,0.494671421383468
964.40002441,0.493482154365395
964.59997559,0.497052731706027
964.79998779,0.500046120607833
965,0.501424964318126
965.20001221,0.500530037400741
965.40002441,0.505628135248074
965.59997559,0.508537730302766
965.79998779,0.507471541823284
966,0.509361150815489
966.20001221,0.510588271513621
966.40002441,0.511868837309831
966.59997559,0.50689758066736
966.79998779,0.508491974074727
967,0.509018007945796
967.20001221,0.508432286899403
967.40002441,0.511764715992595
967.59997559,0.510915320525401
967.79998779,0.513555070301222
968,0.510166992708699
968.20001221,0.512295371689679
968.40002441,0.514207069350616
968.59997559,0.512440273266142
968.79998779,0.513487158886602
969,0.514681093529913
969.20001221,0.516431478409893
969.40002441,0.517828894998416
969.59997559,0.523125738984729
969.79998779,0.525479109566322
970,0.527362091539887
