Photon Energy,Absorption
eV,
,Gd (7 nm)
910.20001221,-0.00131155033133877
910.40002441,0.00116892628342351
910.59997559,-5.53970999552843E-4
910.79998779,8.39850062227285E-4
911,0.00151093281914643
911.20001221,0.00215112777954808
911.40002441,8.08139778139433E-4
911.59997559,-3.76392338322566E-5
911.79998779,0.00380796415428118
912,9.17526721180465E-4
912.20001221,0.00234062822001272
912.40002441,0.00271851588630783
912.59997559,0.00150491282524778
912.79998779,0.00203404726211925
913,0.00240763255131456
913.20001221,0.00270360293682143
913.40002441,0.00300597518655118
913.59997559,0.0025606996020906
913.79998779,0.00304938713087345
914,0.00351896748492209
914.20001221,0.00410968437232423
914.40002441,0.00292422992167463
914.59997559,0.00350145463462914
914.79998779,0.00416060544846218
915,0.00373321671230463
915.20001221,0.00448336383144247
915.40002441,0.00634189952040433
915.59997559,0.00654835908689039
915.79998779,0.00430388546067732
916,0.00580402867631665
916.20001221,0.0071685388264642
916.40002441,0.00543686627731908
916.59997559,0.00659564013181053
916.79998779,0.00677929756651969
917,0.00659805185485255
917.20001221,0.00724331947378909
917.40002441,0.00518612869883364
917.59997559,0.00811175438756424
917.79998779,0.0092125337897643
918,0.00815576305170775
918.20001221,0.00756383866227728
918.40002441,0.00789577823662684
918.59997559,0.0085925911144487
918.79998779,0.00906391818160603
919,0.00916706189806473
919.20001221,0.00884658556449974
919.40002441,0.00896514054992068
919.59997559,0.0091318586877472
919.79998779,0.0109817992905731
920,0.010128080137565
920.20001221,0.00933113964010764
920.40002441,0.0117502055202658
920.59997559,0.00938917457190657
920.79998779,0.0134562754695994
921,0.0112210983149268
921.20001221,0.0103741447957612
921.40002441,0.0127030003200274
921.59997559,0.012629565233508
921.79998779,0.0116700192030234
922,0.0132521065934692
922.20001221,0.0134262151350912
922.40002441,0.0153579989204831
922.59997559,0.0120929431340975
922.79998779,0.0139139969932616
923,0.0151877574900746
923.20001221,0.0143553199591901
923.40002441,0.0151538490652853
923.59997559,0.0171868510076939
923.79998779,0.0178513276229043
924,0.0189554823447148
924.20001221,0.0195598836516944
924.40002441,0.019586820678351
924.59997559,0.0182105824537636
924.79998779,0.0207041543415242
925,0.0210362205123782
925.20001221,0.0199714152865577
925.40002441,0.0218909288747823
925.59997559,0.0247846332222768
925.79998779,0.0225837280014252
926,0.0263158741368801
926.20001221,0.026904175417935
926.40002441,0.0281082595593955
926.59997559,0.0286946909834843
926.79998779,0.0318593979768401
927,0.0315693783311211
927.20001221,0.033752629750075
927.40002441,0.036275473310818
927.59997559,0.0382545616922038
927.79998779,0.0411497896125173
928,0.0441128413042252
928.20001221,0.0472414159601981
928.40002441,0.0506443981895193
928.59997559,0.0553757647126772
928.79998779,0.0604942334012651
929,0.0692894201368549
929.20001221,0.0750443989836843
929.40002441,0.0859126642538142
929.59997559,0.100054682155306
929.79998779,0.120060519610931
930,0.142851352249041
930.20001221,0.17885835990596
930.40002441,0.231749798191856
930.59997559,0.31153366588129
930.79998779,0.428191108098392
931,0.598695464333389
931.20001221,0.776782081324672
931.40002441,0.937446668418167
931.59997559,1
931.79998779,0.955528921952699
932,0.833604558924095
932.20001221,0.712584703411526
932.40002441,0.602368939125436
932.59997559,0.521085122502323
932.79998779,0.475721150275399
933,0.445641317402239
933.20001221,0.422978284681862
933.40002441,0.392738613423091
933.59997559,0.360137732982667
933.79998779,0.328978283625093
934,0.313696806644651
934.20001221,0.303144204741623
934.40002441,0.293706288783662
934.59997559,0.277399248629913
934.79998779,0.254917776805236
935,0.234779448630775
935.20001221,0.225825033475583
935.40002441,0.222134912157402
935.59997559,0.226955744215818
935.79998779,0.233368510405162
936,0.239438052482015
936.20001221,0.247608043757937
936.40002441,0.254200756716105
936.59997559,0.261985645353972
936.79998779,0.259268274417621
937,0.261189654802624
937.20001221,0.258871100735204
937.40002441,0.259971561935818
937.59997559,0.260563971819647
937.79998779,0.259921187258046
938,0.259869489272218
938.20001221,0.26274727257583
938.40002441,0.264726326890297
938.59997559,0.264383648762208
938.79998779,0.266252573174889
939,0.266535279562628
939.20001221,0.266251275093662
939.40002441,0.263583080346112
939.59997559,0.258658904305796
939.79998779,0.25611085130449
940,0.24930990927149
940.20001221,0.245939137494551
940.40002441,0.239013657516666
940.59997559,0.234256762650777
940.79998779,0.22911178172883
941,0.226615513789553
941.20001221,0.226025600464903
941.40002441,0.226689388873523
941.59997559,0.224821874852201
941.79998779,0.225886495715104
942,0.226300905537371
942.20001221,0.230327739190064
942.40002441,0.235020088078783
942.59997559,0.239924403739082
942.79998779,0.245072329629785
943,0.251051033415624
943.20001221,0.253692251583582
943.40002441,0.254742123808563
943.59997559,0.258844834940916
943.79998779,0.258755809509348
944,0.259487182557656
944.20001221,0.262267625551254
944.40002441,0.26181233803221
944.59997559,0.264288140049002
944.79998779,0.266293635000625
945,0.269658664780821
945.20001221,0.272700652095536
945.40002441,0.272863068950366
945.59997559,0.276802398788768
945.79998779,0.281175060345649
946,0.286755388490665
946.20001221,0.288885499537805
946.40002441,0.290415985912757
946.59997559,0.289173622375098
946.79998779,0.288378137906385
947,0.286090755031715
947.20001221,0.284516637303605
947.40002441,0.282039026219214
947.59997559,0.281710529569164
947.79998779,0.28248925090429
948,0.281955971222129
948.20001221,0.285113193498888
948.40002441,0.288200459277433
948.59997559,0.287586842876443
948.79998779,0.293314908327034
949,0.298596927094226
949.20001221,0.302458853600909
949.40002441,0.310547954757963
949.59997559,0.317901266953074
949.79998779,0.32953453731455
950,0.340811839836288
950.20001221,0.35682488248051
950.40002441,0.383121746540843
950.59997559,0.419420356239284
950.79998779,0.467928684133302
951,0.534096471741869
951.20001221,0.60405366374479
951.40002441,0.66106482060431
951.59997559,0.682814167935823
951.79998779,0.666062910807395
952,0.632617552279774
952.20001221,0.593230481775074
952.40002441,0.565203875021084
952.59997559,0.543137988221424
952.79998779,0.529523026374635
953,0.523050983701532
953.20001221,0.513402796251964
953.40002441,0.503085278973106
953.59997559,0.493392846831655
953.79998779,0.487272978240862
954,0.480275851799418
954.20001221,0.473116860415885
954.40002441,0.466435760112387
954.59997559,0.463527892880522
954.79998779,0.458040682934012
955,0.452803846150903
955.20001221,0.448848576868037
955.40002441,0.448311713320029
955.59997559,0.450538782309241
955.79998779,0.450235505110645
956,0.453567847383625
956.20001221,0.458806778115034
956.40002441,0.459029179104995
956.59997559,0.46162443350122
956.79998779,0.464312405137507
957,0.466311568650021
957.20001221,0.464886616970599
957.40002441,0.465386392239797
957.59997559,0.466145804541142
957.79998779,0.466752779880453
958,0.469246216051756
958.20001221,0.471323616615718
958.40002441,0.472815407039467
958.59997559,0.476470228899444
958.79998779,0.478650611712029
959,0.477374548066941
959.20001221,0.477596895255957
959.40002441,0.478876443062303
959.59997559,0.480009889539156
959.79998779,0.480227990856222
960,0.48131394658445
960.20001221,0.480783998998011
960.40002441,0.480902082392388
960.59997559,0.47885352446106
960.79998779,0.481782018411337
961,0.482702101406769
961.20001221,0.483696626937523
961.40002441,0.485947619541019
961.59997559,0.488746777028876
961.79998779,0.491084369028002
962,0.491098892346302
962.20001221,0.493465542889154
962.40002441,0.495933176291232
962.59997559,0.496433802106052
962.79998779,0.497851011448291
963,0.501644697868276
963.20001221,0.500808312528159
963.40002441,0.503966344963856
963.59997559,0.50441747677681
963.79998779,0.506208916182258
964,0.507017238994757
964.20001221,0.509544746692906
964.40002441,0.513583570411062
964.59997559,0.517441662616646
964.79998779,0.519675895048897
965,0.523377316271933
965.20001221,0.524095650877664
965.40002441,0.526103718967918
965.59997559,0.525051271247638
965.79998779,0.52726460376272
966,0.529559246758441
966.20001221,0.527585366517288
966.40002441,0.528007406139693
966.59997559,0.527530468283878
966.79998779,0.529929653370866
967,0.529442892459045
967.20001221,0.528885774497428
967.40002441,0.529642150021825
967.59997559,0.531111173935641
967.79998779,0.531875975159109
968,0.534073095481922
968.20001221,0.533599096997897
968.40002441,0.534688442951835
968.59997559,0.535958641519335
968.79998779,0.53712981267786
969,0.538768054180283
969.20001221,0.539775475116128
969.40002441,0.542422895917093
969.59997559,0.546616331805951
969.79998779,0.546665915802104
970,0.548573377697467
