Photon Energy,Absorption
eV,
,Ta (20 nm) Annealed
910.20001221,0.0110941856689313
910.40002441,0.00804133222885955
910.59997559,0.00603171927439225
910.79998779,0.00932806775973425
911,0.00808931986191438
911.20001221,0.00513238847163215
911.40002441,0.00556762493375496
911.59997559,0.00540376853848315
911.79998779,0.00113077869009566
912,0.0142734596112315
912.20001221,0.00864239900308419
912.40002441,0.015530791567966
912.59997559,0.00870833728203605
912.79998779,0.0163768493113023
913,0.0109400453000567
913.20001221,0.0152485788668282
913.40002441,0.0144619763362438
913.59997559,0.0108166405459863
913.79998779,0.0151309179744022
914,0.0125068074387483
914.20001221,0.013103822809767
914.40002441,0.0207004127345086
914.59997559,0.0244457292593341
914.79998779,0.0104997028965678
915,0.0143390529138721
915.20001221,0.0173331441132464
915.40002441,0.0286920403224753
915.59997559,0.0154212303292764
915.79998779,0.0194967603947575
916,0.0187466740792921
916.20001221,0.0201535325689773
916.40002441,0.0253178955768444
916.59997559,0.0275642023932113
916.79998779,0.0272928162600133
917,0.034762126106012
917.20001221,0.0322622626135621
917.40002441,0.025470305132051
917.59997559,0.0337365243565472
917.79998779,0.0203933822259631
918,0.0212105813128445
918.20001221,0.0260993054067228
918.40002441,0.018565730884282
918.59997559,0.0327332124737827
918.79998779,0.02565143199481
919,0.0334270186233769
919.20001221,0.0297812938497416
919.40002441,0.0330050119795693
919.59997559,0.034785432674648
919.79998779,0.0411190063856462
920,0.0325374717225316
920.20001221,0.0324371501097021
920.40002441,0.0354589964152422
920.59997559,0.0363206465083364
920.79998779,0.0358234902747437
921,0.0367963027385616
921.20001221,0.0328637133524535
921.40002441,0.0437042275050512
921.59997559,0.0374838958677195
921.79998779,0.0387491389925177
922,0.041215222025588
922.20001221,0.0414856424208893
922.40002441,0.0396979492507603
922.59997559,0.0426253458137787
922.79998779,0.0357544421456569
923,0.0415880100732187
923.20001221,0.0409423078352677
923.40002441,0.0471476473318885
923.59997559,0.0419041866386738
923.79998779,0.0506369132719878
924,0.04881245308515
924.20001221,0.0495045944770869
924.40002441,0.0492265308214579
924.59997559,0.0582986214104196
924.79998779,0.0490878091776626
925,0.0484962343055027
925.20001221,0.0539660558205694
925.40002441,0.049470481377923
925.59997559,0.0586123072033927
925.79998779,0.0476024212772722
926,0.0568787069739825
926.20001221,0.0613624448795852
926.40002441,0.0545726893842339
926.59997559,0.0561713287023975
926.79998779,0.0547430907073789
927,0.0542113709281471
927.20001221,0.0652708231626941
927.40002441,0.0652193742513205
927.59997559,0.0662415645213249
927.79998779,0.0745993542713691
928,0.0720516340690773
928.20001221,0.0813117053087968
928.40002441,0.0780320175013145
928.59997559,0.0846247767001278
928.79998779,0.0875743082297589
929,0.0818840353807593
929.20001221,0.09431150288514
929.40002441,0.106537204644927
929.59997559,0.127574319068091
929.79998779,0.136151560874509
930,0.15971058097661
930.20001221,0.200415438840757
930.40002441,0.256109687688198
930.59997559,0.359965761474614
930.79998779,0.487673731637346
931,0.678131078033279
931.20001221,0.854711138480913
931.40002441,0.986472305399057
931.59997559,0.994621616832279
931.79998779,0.839333114318436
932,0.642074864234704
932.20001221,0.491354369318279
932.40002441,0.409076676732048
932.59997559,0.402616290671852
932.79998779,0.410608931229037
933,0.440088638377466
933.20001221,0.486002637820093
933.40002441,0.557133891749323
933.59997559,0.640835140961336
933.79998779,0.749997326138471
934,0.847640715420871
934.20001221,0.944187883040492
934.40002441,0.984096733129237
934.59997559,0.942491039996001
934.79998779,0.831805648595619
935,0.726722614677296
935.20001221,0.63849934229127
935.40002441,0.590578188273765
935.59997559,0.556167129213623
935.79998779,0.551598067142862
936,0.532010936561831
936.20001221,0.53202879371898
936.40002441,0.513939562411911
936.59997559,0.504956527946144
936.79998779,0.502496046747151
937,0.491418819666052
937.20001221,0.484401464414816
937.40002441,0.465685453542715
937.59997559,0.469272492638284
937.79998779,0.468763277318538
938,0.454917393052921
938.20001221,0.445496022871088
938.40002441,0.442125394795151
938.59997559,0.443467290131308
938.79998779,0.441021335632545
939,0.444998064676906
939.20001221,0.444276212871824
939.40002441,0.442740168129627
939.59997559,0.43760963357445
939.79998779,0.439408552844836
940,0.436641192756461
940.20001221,0.43333714426455
940.40002441,0.435260283366173
940.59997559,0.432815029123987
940.79998779,0.433716013977145
941,0.420874776455468
941.20001221,0.436910757258924
941.40002441,0.430827238041471
941.59997559,0.423232671908311
941.79998779,0.434995284414546
942,0.444069023490639
942.20001221,0.441041996902418
942.40002441,0.44322289078913
942.59997559,0.446569353434353
942.79998779,0.441208940150645
943,0.438855010471788
943.20001221,0.452347077883214
943.40002441,0.440512493057788
943.59997559,0.455906684073892
943.79998779,0.453059263932429
944,0.454554312352202
944.20001221,0.456530890402227
944.40002441,0.456509804710392
944.59997559,0.460090542780221
944.79998779,0.459914527613567
945,0.465116579787609
945.20001221,0.470473625129367
945.40002441,0.461967996196792
945.59997559,0.470839994132717
945.79998779,0.477479433230764
946,0.476231916558588
946.20001221,0.474826962220328
946.40002441,0.489869793909679
946.59997559,0.481243900485714
946.79998779,0.48884966694557
947,0.501023394369334
947.20001221,0.496169228537233
947.40002441,0.515715646715413
947.59997559,0.521845958113835
947.79998779,0.516876562684819
948,0.530739190191976
948.20001221,0.541639060453791
948.40002441,0.541012967281092
948.59997559,0.545196489672033
948.79998779,0.548507581070627
949,0.544618803138174
949.20001221,0.556789707737917
949.40002441,0.555858092309648
949.59997559,0.564821829212848
949.79998779,0.589253588878311
950,0.585452899072887
950.20001221,0.600589975026581
950.40002441,0.615811516975412
950.59997559,0.657710339871664
950.79998779,0.697263927621296
951,0.747455766264035
951.20001221,0.795868315735032
951.40002441,0.827142658433152
951.59997559,0.846727981372951
951.79998779,0.81326387861942
952,0.785116449657204
952.20001221,0.735713670143201
952.40002441,0.719849930788099
952.59997559,0.699230346233762
952.79998779,0.718225284773142
953,0.729973468061033
953.20001221,0.759622868183488
953.40002441,0.78864329876382
953.59997559,0.828170425552773
953.79998779,0.860837260779698
954,0.893154314584047
954.20001221,0.92209435468431
954.40002441,0.920244849404515
954.59997559,0.915281484058511
954.79998779,0.896421638944692
955,0.867706296479398
955.20001221,0.840761463025332
955.40002441,0.825780314271911
955.59997559,0.815881845345973
955.79998779,0.808922393368834
956,0.79775154392484
956.20001221,0.813847384602475
956.40002441,0.805136253774262
956.59997559,0.811901374609382
956.79998779,0.803138009695992
957,0.789750020160329
957.20001221,0.795214352933709
957.40002441,0.79427496598831
957.59997559,0.801073236735139
957.79998779,0.799841807238159
958,0.795334679040784
958.20001221,0.799908015861455
958.40002441,0.798039025813952
958.59997559,0.798718613690314
958.79998779,0.796860017357103
959,0.795617123440805
959.20001221,0.787238553645827
959.40002441,0.796216803179936
959.59997559,0.800963532902922
959.79998779,0.802371791231333
960,0.799763839516993
960.20001221,0.79234780412749
960.40002441,0.799407357450095
960.59997559,0.799006436470579
960.79998779,0.793077685892426
961,0.799002056404154
961.20001221,0.804343421775818
961.40002441,0.811795168396582
961.59997559,0.800947425227547
961.79998779,0.806826561362448
962,0.815372513072828
962.20001221,0.81511821806853
962.40002441,0.81007657942294
962.59997559,0.812618444063256
962.79998779,0.822196223709839
963,0.816036023329722
963.20001221,0.821001483489967
963.40002441,0.816291786162981
963.59997559,0.825158563883135
963.79998779,0.826214274581429
964,0.835520622859156
964.20001221,0.831972718006482
964.40002441,0.829554409438085
964.59997559,0.834142255806905
964.79998779,0.836937679496201
965,0.839825587067495
965.20001221,0.84174455579022
965.40002441,0.850450100630751
965.59997559,0.848624642980965
965.79998779,0.853221322908148
966,0.857527341998132
966.20001221,0.858525979679126
966.40002441,0.875390898616928
966.59997559,0.868043143807165
966.79998779,0.86022984582765
967,0.869364283298597
967.20001221,0.877176653993057
967.40002441,0.875961391874799
967.59997559,0.877762594435435
967.79998779,0.875929817837974
968,0.890654850005298
968.20001221,0.890075109347886
968.40002441,0.892044801944366
968.59997559,0.894673873524853
968.79998779,0.895206343271648
969,0.905676111536686
969.20001221,0.90411512104909
969.40002441,0.90785733666393
969.59997559,0.909604009925196
969.79998779,0.914142414640614
970,0.904669979122263
