#     thickness (A)       rho (1e-6/A^2)      irho (1e-6/A^2)      rhoM (1e-6/A^2)      theta (degrees)
                   2     3.32677998047322                    0                    0                  270
                   2     3.32721256477154                    0                   -0                  270
                   2     3.32773859751511                    0                   -0                  270
                   2     3.32837541907185                    0                   -0                  270
                   2     3.32914293443702                    0                   -0                  270
                   2     3.33006385435114                    0                   -0                  270
                   2     3.33116393117382                    0                   -0                  270
                   2     3.33247218272434                    0                   -0                  270
                   2     3.33402109629665                    0                   -0                  270
                   2     3.33584680412027                    0                   -0                  270
                   2     3.33798922071808                    0                   -0                  270
                   2     3.34049213196103                    0                   -0                  270
                   2     3.34340322519428                    0                   -0                  270
                   2     3.34677404966587                    0                   -0                  270
                   2     3.35065989668158                    0                   -0                  270
                   2     3.35511958948786                    0                   -0                  270
                   2     3.36021517388847                    0                   -0                  270
                   2     3.36601150205905                    0                   -0                  270
                   2     3.37257570395099                    0                   -0                  270
                   2     3.37997654306791                    0                   -0                  270
                   2     3.38828365622997                    0                   -0                  270
                   2     3.39756668016752                    0                   -0                  270
                   2     3.40789427133589                    0                   -0                  270
                   2      3.4193330291269                    0                   -0                  270
                   2     3.43194633655493                    0                   -0                  270
                   2     3.44579313638624                    0                   -0                  270
                   2     3.46092666441139                    0                   -0                  270
                   2     3.47739316497838                    0                   -0                  270
                   2     3.49523061684722                    0                   -0                  270
                   2     3.51446749974226                    0                   -0                  270
                   2     3.53512163352123                    0                   -0                  270
                   2     3.55719912252586                    0 -5.31240606123402e-19                  270
                   2      3.5806934373296                    0 -5.31240606123402e-19                  270
                   2     3.60558466468853                    0 -1.0624812122468e-18                  270
                   2     3.63183895400573                    0 -1.59372181837021e-18                  270
                   2     3.65940818505312                    0 -3.18744363674041e-18                  270
                   2     3.68822987712093                    0 -5.84364666735742e-18                  270
                   2     3.71822735428816                    0 -1.11560527285914e-17                  270
                   2     3.74931017527902                    0 -2.01871430326893e-17                  270
                   2      3.7813748295764                    0 -3.61243612163914e-17                  270
                   2     3.81430569432564                    0 -6.48113539470551e-17                  270
                   2     3.84797623932117                    0 -1.15810452134902e-16                  270
                   2     3.88225046028413                    0 -2.05058873963633e-16                  270
                   2      3.9169845139675                    0 -3.61774852770037e-16                  270
                   2     3.95202852261843                    0 -6.34301283711342e-16                  270
                   2     3.98722851021326                    0 -1.10604294194892e-15                  270
                   2      4.0224284288589                    0 -1.91724734749936e-15                  270
                   2     4.05747223098057                    0 -3.30591029190593e-15                  270
                   2     4.09220594150168                    0 -5.66886850794282e-15                  270
                   2     4.12647968422188                    0 -9.66698530962755e-15                  270
                   2     4.16014961801418                    0 -1.63946163455743e-14                  270
                   2     4.19307974123567                    0 -2.7650542308117e-14                  270
                   2     4.22514352676914                    0 -4.63767736739669e-14                  270
                   2     4.25622535522699                    0 -7.73581945824776e-14                  270
                   2      4.2862217198564                    0 -1.28324887093351e-13                  270
                   2      4.3150421833559                    0 -2.11699912780782e-13                  270
                   2     4.34261007389859                    0 -3.47324045802268e-13                  270
                   2     4.36886291489763                    0 -5.66701979063352e-13                  270
                   2      4.3937525901875                    0 -9.1956367694385e-13                  270
                   2     4.41724525308818                    0 -1.4839404158742e-12                  270
                   2     4.43932099404761                    0 -2.38155376221364e-12                  270
                   2     4.45997328703437                    0 -3.80114712843053e-12                  270
                   2     4.47920823942592                    0 -6.03365549494958e-12                  270
                   2     4.49704367370369                    0 -9.52487207260227e-12                  270
                   2     4.51350807176187                    0 -1.49538142606392e-11                  270
                   2     4.52863941404553                    0 -2.33485718169478e-11                  270
                   2     4.54248394608313                    0  -3.625647703645e-11                  270
                   2     4.55509490433179                    0 -5.59924230788623e-11                  270
                   2     4.56653123171102                    0 -8.59988814775414e-11                  270
                   2     4.57685631088492                    0  -1.313644275017e-10                  270
                   2     4.58613674040897                    0 -1.99565647943571e-10                  270
                   2     4.59444117544052                    0 -3.01521640440552e-10                  270
                   2        4.60183925098                    0 -4.53082819523783e-10                  270
                   2      4.6084006017195                    0 -6.77118815448042e-10                  270
                   2     4.61419398867303                    0 -1.00642677904571e-09                  270
                   2     4.61928653897887                    0 -1.4877549422973e-09                  270
                   2     4.62374310171453                    0 -2.1873309731678e-09                  270
                   2     4.62762571933837                    0 -3.19840551784002e-09                  270
                   2      4.6309932115404                    0 -4.65147385593471e-09                  270
                   2      4.6339008658928                    0 -6.72802920556222e-09                  270
                   2     4.63640022776389                    0 -9.67893667629268e-09                  270
                   2     4.63853898050072                    0 -1.38488044228282e-08                  270
                   2     4.64036090588194                    0 -1.97080753396535e-08                  270
                   2     4.64190591426444                    0 -2.78949753529872e-08                  270
                   2     4.64321013365481                    0 -3.92699386272295e-08                  270
                   2     4.64430604708041                    0 -5.49856892778081e-08                  270
                   2     4.64522266806002                    0 -7.6576794100376e-08                  270
                   2     4.64598574462554                    0 -1.06073207555881e-07                  270
                   2     4.64661798316632                    0 -1.46143099273335e-07                  270
                   2     4.64713928430427                    0 -2.00271068794088e-07                  270
                   2     4.64756698401094                    0 -2.72978686260618e-07                  270
                   2     4.64791609420404                    0 -3.70095114656427e-07                  270
                   2     4.64819953807381                    0 -4.99086320234394e-07                  270
                   2     4.64842837635805                    0 -6.69452000840745e-07                  270
                   2     4.64861202168635                    0 -8.93199780735094e-07                  270
                   2      4.6487584389314                    0 -1.18540634543464e-06                  270
                   2     4.64887433022831                    0 -1.56487491836879e-06                  270
                   2     4.64896530394591                    0 -2.05489770021158e-06                  270
                   2     4.64903602741636                    0 -2.68413048272856e-06                  270
                   2     4.64909036365451                    0 -3.48758449273077e-06                  270
                   2      4.6491314926317                    0 -4.50773750608287e-06                  270
                   2     4.64916201791841                    0 -5.79576230085058e-06                  270
                   2     4.64918405968549                    0 -7.41286552387412e-06                  270
                   2     4.64919933516506                    0 -9.4317239967928e-06                  270
                   2     4.64920922772884                    0 -1.19379984079509e-05                  270
                   2     4.64921484575487                    0 -1.50318963122504e-05                  270
                   2      4.6492170724313                    0 -1.88297475539457e-05                  270
                   2     4.64921660759763                    0 -2.34655458844333e-05                  270
                   2     4.64921400265639                    0 -2.90924010053944e-05                  270
                   2     4.64920968950829                    0  -3.588383595519e-05                  270
                   2     4.64920400437728                    0 -4.40348561868492e-05                  270
                   2     4.64919720730193                    0 -5.37627094462563e-05                  270
                   2     4.64918949798092                    0 -6.53072502891516e-05                  270
                   2     4.64918102857458                    0 -7.8930820440369e-05                  270
                   2     4.64917191398409                    0 -9.49175568528329e-05                  270
                   2     4.64916224005534                    0 -0.000113572043868894                  270
                   2     4.64915207008754                    0 -0.000135217234824897                  270
                   2      4.6491414499664                    0 -0.000160191582125074                  270
                   2     4.64913041218889                    0 -0.000188845333400048                  270
                   2     4.64911897900058                    0 -0.000221535974775381                  270
                   2      4.6491071648273                    0 -0.000258622830149012                  270
                   2      4.6490949781489                    0 -0.000300460857057857                  270
                   2     4.64908242293498                    0 -0.00034739371424495                  270
                   2     4.64906949973855                    0 -0.00039974621216994                  270
                   2     4.64905620652456                    0 -0.000457816293931543                  270
                   2      4.6490425392937                    0 -0.000521866728682354                  270
                   2     4.64902849254941                    0 -0.000592116730780029                  270
                   2      4.6490140596454                    0 -0.000668733743766087                  270
                   2     4.64899923304255                    0 -0.000751825646999432                  270
                   2     4.64898400449763                    0 -0.000841433652787154                  270
                   2     4.64896836520085                    0 -0.000937526161840603                  270
                   2     4.64895230587537                    0 -0.00103999383393534                  270
                   2     4.64893581684861                    0  -0.0011486461083585                  270
                   2     4.64891888810271                    0 -0.00126320937523492                  270
                   2     4.64890150930985                    0 -0.00138332695487671                  270
                   2      4.6488836698564                    0  -0.0015085609892374                  270
                   2     4.64886535885901                    0 -0.00163839628926479                  270
                   2     4.64884656517492                    0 -0.00177224611681152                  270
                   2     4.64882727740806                    0 -0.00190945981252504                  270
                   2     4.64880748391222                    0 -0.00204933211477872                  270
                   2     4.64878717279196                    0 -0.00219111395227416                  270
                   2     4.64876633190219                    0 -0.00233402443739526                  270
                   2     4.64874494884651                    0 -0.00247726374141347                  270
                   2     4.64872301097491                    0  -0.0026200264984892                  270
                   2     4.64870050538084                    0 -0.00276151536478507                  270
                   2       4.648677418898                    0 -0.00290095435293496                  270
                   2     4.64865373809674                    0 -0.00303760157090308                  270
                   2     4.64862944928038                    0 -0.00317076101747975                  270
                   2      4.6486045384813                    0 -0.00329979312313201                  270
                   2     4.64857899145695                    0 -0.00342412377285049                  270
                   2      4.6485527936858                    0 -0.00354325160465862                  270
                   2     4.64852593036318                    0 -0.00365675344083045                  270
                   2      4.6484983863971                    0 -0.00376428777561308                  270
                   2     4.64847014640403                    0 -0.00386559631031966                  270
                   2     4.64844119470457                    0 -0.00396050359109992                  270
                   2     4.64841151531922                    0 -0.00404891486382061                  270
                   2     4.64838109196396                    0 -0.00413081231200366                  270
                   2      4.6483499080459                    0 -0.00420624988587877                  270
                   2     4.64831794665889                    0 -0.00427534696208116                  270
                   2     4.64828519057907                    0 -0.00433828109372969                  270
                   2      4.6482516222604                    0 -0.00439528011951524                  270
                   2     4.64821722383021                    0  -0.0044466138985205                  270
                   2     4.64818197708464                    0 -0.00449258592576619                  270
                   2     4.64814586348417                    0  -0.0045335250633094                  270
                   2       4.648108864149                    0 -0.00456977759475757                  270
                   2     4.64807095985452                    0 -0.00460169977912414                  270
                   2     4.64803213102669                    0 -0.00462965104490892                  270
                   2     4.64799235773745                    0 -0.00465398792895471                  270
                   2     4.64795161970004                    0 -0.00467505882868803                  270
                   2     4.64790989626439                    0 -0.00469319960225933                  270
                   2     4.64786716641245                    0  -0.0047087300200524                  270
                   2     4.64782340875349                    0 -0.00472195104393972                  270
                   2      4.6477786015194                    0 -0.00473314288811692                  270
                   2     4.64773272256002                    0 -0.00474256379766282                  270
                   2     4.64768574933839                    0 -0.00475044946817649                  270
                   2     4.64763765892603                    0  -0.0047570130217427                  270
                   2     4.64758842799819                    0 -0.00476244545068827                  270
                   2     4.64753803282917                    0  -0.0047669164405891                  270
                   2     4.64748644928746                    0 -0.00477057548715659                  270
                   2      4.6474336528311                    0 -0.00477355322731385                  270
                   2     4.64737961850285                    0 -0.00477596291230231                  270
                   2     4.64732432092548                    0 -0.00477790195940801                  270
                   2     4.64726773429699                    0 -0.00477945352828701                  270
                   2     4.64720983238586                    0 -0.00478068807740428                  270
                   2     4.64715058852629                    0 -0.00478166486536736                  270
                   2     4.64708997561349                    0 -0.00478243337061538                  270
                   2     4.64702796609892                    0  -0.0047830346107846                  270
                   2     4.64696453198555                    0 -0.00478350234996609                  270
                   2     4.64689964482317                    0 -0.00478386418792618                  270
                   2     4.64683327570367                    0 -0.00478414253016315                  270
                   2     4.64676539525635                    0 -0.00478435544146322                  270
                   2     4.64669597364326                    0 -0.00478451738846869                  270
                   2     4.64662498055451                    0 -0.00478463987878143                  270
                   2     4.64655238520367                    0 -0.00478473200540956                  270
                   2     4.64647815632316                    0 -0.00478480090604381                  270
                   2     4.64640226215962                    0 -0.00478485214684059                  270
                   2     4.64632467046938                    0 -0.00478489004020264                  270
                   2     4.64624534851391                    0 -0.00478491790558552                  270
                   2     4.64616426305533                    0 -0.00478493828170604                  270
                   2     4.64608138035194                    0 -0.00478495309776154                  270
                   2     4.64599666615376                    0 -0.00478496381044573                  270
                   2     4.64591008569814                    0 -0.00478497151271358                  270
                   2     4.64582160370544                    0 -0.00478497701944052                  270
                   2     4.64573118437463                    0 -0.00478498093436217                  270
                   2     4.64563879137909                    0   -0.004784983701987                  270
                   2     4.64554438786237                    0 -0.00478498564755301                  270
                   2     4.64544793643397                    0 -0.00478498700755433                  270
                   2     4.64534939916526                    0 -0.00478498795289273                  270
                   2     4.64524873758537                    0 -0.00478498860630889                  270
                   2     4.64514591267722                    0 -0.00478498905541303                  270
                   2     4.64504088487351                    0 -0.00478498936235682                  270
                   2     4.64493361405286                    0 -0.00478498957096208                  270
                   2     4.64482405953596                    0 -0.00478498971193843                  270
                   2     4.64471218008182                    0 -0.00478498980667591                  270
                   2     4.64459793388406                    0 -0.00478498986998297                  270
                   2     4.64448127856731                    0 -0.00478498991204952                  270
                   2     4.64436217118362                    0 -0.00478498993984514                  270
                   2     4.64424056820903                    0 -0.00478498995810807                  270
                   2     4.64411642554018                    0 -0.00478498997004022                  270
                   2     4.64398969849097                    0 -0.00478498997779237                  270
                   2     4.64386034178936                    0 -0.00478498998280056                  270
                   2     4.64372830957424                    0 -0.00478498998601786                  270
                   2     4.64359355539242                    0 -0.00478498998807309                  270
                   2     4.64345603219561                    0  -0.0047849899893786                  270
                   2     4.64331569233766                    0 -0.00478498999020323                  270
                   2     4.64317248757174                    0 -0.00478498999072118                  270
                   2     4.64302636904775                    0 -0.00478498999104468                  270
                   2     4.64287728730978                    0  -0.0047849899912456                  270
                   2     4.64272519229365                    0 -0.00478498999136968                  270
                   2     4.64257003332464                    0 -0.00478498999144588                  270
                   2     4.64241175911526                    0 -0.00478498999149241                  270
                   2     4.64225031776319                    0 -0.00478498999152067                  270
                   2     4.64208565674934                    0 -0.00478498999153773                  270
                   2     4.64191772293598                    0 -0.00478498999154798                  270
                   2     4.64174646256507                    0 -0.00478498999155409                  270
                   2     4.64157182125669                    0 -0.00478498999155773                  270
                   2     4.64139374400756                    0 -0.00478498999155987                  270
                   2     4.64121217518982                    0 -0.00478498999156113                  270
                   2     4.64102705854981                    0 -0.00478498999156186                  270
                   2     4.64083833720705                    0 -0.00478498999156229                  270
                   2     4.64064595365345                    0 -0.00478498999156253                  270
                   2      4.6404498497525                    0 -0.00478498999156268                  270
                   2     4.64024996673876                    0 -0.00478498999156276                  270
                   2     4.64004624521746                    0  -0.0047849899915628                  270
                   2     4.63983862516422                    0 -0.00478498999156283                  270
                   2       4.639627045925                    0 -0.00478498999156284                  270
                   2     4.63941144621614                    0 -0.00478498999156285                  270
                   2     4.63919176412467                    0 -0.00478498999156286                  270
                   2     4.63896793710867                    0 -0.00478498999156286                  270
                   2     4.63873990199794                    0 -0.00478498999156286                  270
                   2     4.63850759499471                    0 -0.00478498999156286                  270
                   2     4.63827095167464                    0 -0.00478498999156286                  270
                   2     4.63802990698795                    0 -0.00478498999156286                  270
                   2     4.63778439526076                    0 -0.00478498999156286                  270
                   2     4.63753435019662                    0 -0.00478498999156286                  270
                   2     4.63727970487821                    0 -0.00478498999156286                  270
                   2     4.63702039176924                    0 -0.00478498999156286                  270
                   2     4.63675634271662                    0 -0.00478498999156286                  270
                   2     4.63648748895272                    0 -0.00478498999156286                  270
                   2     4.63621376109793                    0 -0.00478498999156286                  270
                   2     4.63593508916337                    0 -0.00478498999156286                  270
                   2     4.63565140255383                    0 -0.00478498999156286                  270
                   2     4.63536263007096                    0 -0.00478498999156286                  270
                   2      4.6350686999166                    0 -0.00478498999156286                  270
                   2     4.63476953969641                    0 -0.00478498999156286                  270
                   2     4.63446507642368                    0 -0.00478498999156286                  270
                   2     4.63415523652337                    0 -0.00478498999156286                  270
                   2     4.63383994583637                    0 -0.00478498999156286                  270
                   2     4.63351912962402                    0 -0.00478498999156286                  270
                   2     4.63319271257284                    0 -0.00478498999156286                  270
                   2     4.63286061879951                    0 -0.00478498999156286                  270
                   2     4.63252277185606                    0 -0.00478498999156286                  270
                   2     4.63217909473534                    0 -0.00478498999156286                  270
                   2      4.6318295098767                    0 -0.00478498999156286                  270
                   2     4.63147393917194                    0 -0.00478498999156286                  270
                   2     4.63111230397152                    0 -0.00478498999156286                  270
                   2     4.63074452509092                    0 -0.00478498999156286                  270
                   2     4.63037052281743                    0 -0.00478498999156286                  270
                   2     4.62999021691703                    0 -0.00478498999156286                  270
                   2     4.62960352664158                    0 -0.00478498999156286                  270
                   2     4.62921037073634                    0 -0.00478498999156286                  270
                   2     4.62881066744763                    0 -0.00478498999156286                  270
                   2     4.62840433453083                    0 -0.00478498999156286                  270
                   2     4.62799128925862                    0 -0.00478498999156286                  270
                   2     4.62757144842951                    0 -0.00478498999156286                  270
                   2     4.62714472837657                    0 -0.00478498999156286                  270
                   2     4.62671104497651                    0 -0.00478498999156286                  270
                   2     4.62627031365897                    0 -0.00478498999156286                  270
                   2     4.62582244941614                    0 -0.00478498999156286                  270
                   2     4.62536736681255                    0 -0.00478498999156286                  270
                   2     4.62490497999526                    0 -0.00478498999156286                  270
                   2     4.62443520270422                    0 -0.00478498999156286                  270
                   2     4.62395794828299                    0 -0.00478498999156286                  270
                   2     4.62347312968965                    0 -0.00478498999156286                  270
                   2     4.62298065950806                    0 -0.00478498999156286                  270
                   2     4.62248044995934                    0 -0.00478498999156286                  270
                   2     4.62197241291369                    0 -0.00478498999156286                  270
                   2     4.62145645990243                    0 -0.00478498999156286                  270
                   2     4.62093250213036                    0 -0.00478498999156286                  270
                   2     4.62040045048837                    0 -0.00478498999156286                  270
                   2     4.61986021556632                    0 -0.00478498999156286                  270
                   2     4.61931170766628                    0 -0.00478498999156286                  270
                   2     4.61875483681593                    0 -0.00478498999156286                  270
                   2     4.61818951278235                    0 -0.00478498999156286                  270
                   2     4.61761564508599                    0 -0.00478498999156286                  270
                   2     4.61703314301499                    0 -0.00478498999156286                  270
                   2     4.61644191563977                    0 -0.00478498999156286                  270
                   2     4.61584187182783                    0 -0.00478498999156286                  270
                   2     4.61523292025895                    0 -0.00478498999156286                  270
                   2     4.61461496944053                    0 -0.00478498999156286                  270
                   2     4.61398792772328                    0 -0.00478498999156286                  270
                   2     4.61335170331722                    0 -0.00478498999156286                  270
                   2     4.61270620430782                    0 -0.00478498999156286                  270
                   2     4.61205133867256                    0 -0.00478498999156286                  270
                   2     4.61138701429768                    0 -0.00478498999156286                  270
                   2     4.61071313899516                    0 -0.00478498999156286                  270
                   2      4.6100296205201                    0 -0.00478498999156286                  270
                   2      4.6093363665882                    0 -0.00478498999156286                  270
                   2     4.60863328489363                    0 -0.00478498999156286                  270
                   2      4.6079202831271                    0 -0.00478498999156286                  270
                   2     4.60719726899418                    0 -0.00478498999156286                  270
                   2     4.60646415023392                    0 -0.00478498999156286                  270
                   2     4.60572083463766                    0 -0.00478498999156286                  270
                   2     4.60496723006816                    0 -0.00478498999156286                  270
                   2     4.60420324447892                    0 -0.00478498999156286                  270
                   2     4.60342878593378                    0 -0.00478498999156286                  270
                   2     4.60264376262673                    0 -0.00478498999156286                  270
                   2     4.60184808290196                    0 -0.00478498999156286                  270
                   2     4.60104165527419                    0 -0.00478498999156286                  270
                   2     4.60022438844918                    0 -0.00478498999156286                  270
                   2     4.59939619134448                    0 -0.00478498999156286                  270
                   2     4.59855697311039                    0 -0.00478498999156286                  270
                   2      4.5977066431512                    0 -0.00478498999156286                  270
                   2     4.59684511114655                    0 -0.00478498999156286                  270
                   2     4.59597228707307                    0 -0.00478498999156286                  270
                   2      4.5950880812262                    0 -0.00478498999156286                  270
                   2     4.59419240424225                    0 -0.00478498999156286                  270
                   2     4.59328516712055                    0 -0.00478498999156286                  270
                   2     4.59236628124594                    0 -0.00478498999156286                  270
                   2     4.59143565841132                    0 -0.00478498999156286                  270
                   2     4.59049321084048                    0 -0.00478498999156286                  270
                   2     4.58953885121101                    0 -0.00478498999156286                  270
                   2     4.58857249267747                    0 -0.00478498999156286                  270
                   2     4.58759404889468                    0 -0.00478498999156286                  270
                   2     4.58660343404116                    0 -0.00478498999156286                  270
                   2     4.58560056284277                    0 -0.00478498999156286                  270
                   2     4.58458535059644                    0 -0.00478498999156286                  270
                   2     4.58355771319409                    0 -0.00478498999156286                  270
                   2      4.5825175671467                    0 -0.00478498999156286                  270
                   2      4.5814648296084                    0 -0.00478498999156286                  270
                   2     4.58039941840086                    0 -0.00478498999156286                  270
                   2     4.57932125203762                    0 -0.00478498999156286                  270
                   2     4.57823024974864                    0 -0.00478498999156286                  270
                   2     4.57712633150495                    0 -0.00478498999156286                  270
                   2     4.57600941804332                    0 -0.00478498999156286                  270
                   2     4.57487943089111                    0 -0.00478498999156286                  270
                   2     4.57373629239116                    0 -0.00478498999156286                  270
                   2      4.5725799257267                    0 -0.00478498999156286                  270
                   2     4.57141025494649                    0 -0.00478498999156286                  270
                   2      4.5702272049898                    0 -0.00478498999156286                  270
                   2     4.56903070171165                    0 -0.00478498999156286                  270
                   2     4.56782067190796                    0 -0.00478498999156286                  270
                   2     4.56659704334075                    0 -0.00478498999156286                  270
                   2     4.56535974476348                    0 -0.00478498999156286                  270
                   2     4.56410870594625                    0 -0.00478498999156286                  270
                   2     4.56284385770114                    0 -0.00478498999156286                  270
                   2     4.56156513190747                    0 -0.00478498999156286                  270
                   2     4.56027246153713                    0 -0.00478498999156286                  270
                   2     4.55896578067984                    0 -0.00478498999156286                  270
                   2      4.5576450245684                    0 -0.00478498999156286                  270
                   2     4.55631012960395                    0 -0.00478498999156286                  270
                   2     4.55496103338114                    0 -0.00478498999156286                  270
                   2     4.55359767471327                    0 -0.00478498999156286                  270
                   2     4.55221999365741                    0 -0.00478498999156286                  270
                   2      4.5508279315394                    0 -0.00478498999156286                  270
                   2     4.54942143097879                    0 -0.00478498999156286                  270
                   2     4.54800043591377                    0 -0.00478498999156286                  270
                   2     4.54656489162586                    0 -0.00478498999156286                  270
                   2     4.54511474476468                    0 -0.00478498999156286                  270
                   2     4.54364994337243                    0 -0.00478498999156286                  270
                   2     4.54217043690841                    0 -0.00478498999156286                  270
                   2      4.5406761762733                    0 -0.00478498999156286                  270
                   2     4.53916711383335                    0 -0.00478498999156286                  270
                   2      4.5376432034444                    0 -0.00478498999156286                  270
                   2     4.53610440047581                    0 -0.00478498999156286                  270
                   2      4.5345506618341                    0 -0.00478498999156286                  270
                   2     4.53298194598653                    0 -0.00478498999156286                  270
                   2     4.53139821298447                    0 -0.00478498999156286                  270
                   2     4.52979942448649                    0 -0.00478498999156286                  270
                   2     4.52818554378136                    0 -0.00478498999156286                  270
                   2     4.52655653581078                    0 -0.00478498999156286                  270
                   2     4.52491236719191                    0 -0.00478498999156286                  270
                   2      4.5232530062396                    0 -0.00478498999156286                  270
                   2      4.5215784229885                    0 -0.00478498999156286                  270
                   2     4.51988858921478                    0 -0.00478498999156286                  270
                   2     4.51818347845772                    0 -0.00478498999156286                  270
                   2     4.51646306604089                    0 -0.00478498999156286                  270
                   2      4.5147273290932                    0 -0.00478498999156286                  270
                   2     4.51297624656956                    0 -0.00478498999156286                  270
                   2     4.51120979927121                    0 -0.00478498999156286                  270
                   2     4.50942796986588                    0 -0.00478498999156285                  270
                   2      4.5076307429075                    0 -0.00478498999156284                  270
                   2     4.50581810485564                    0 -0.00478498999156283                  270
                   2      4.5039900440946                    0  -0.0047849899915628                  270
                   2     4.50214655095217                    0 -0.00478498999156276                  270
                   2     4.50028761771797                    0 -0.00478498999156268                  270
                   2     4.49841323866157                    0 -0.00478498999156255                  270
                   2     4.49652341005004                    0 -0.00478498999156231                  270
                   2     4.49461813016527                    0 -0.00478498999156189                  270
                   2     4.49269739932083                    0 -0.00478498999156118                  270
                   2      4.4907612198784                    0 -0.00478498999155995                  270
                   2     4.48880959626381                    0 -0.00478498999155787                  270
                   2     4.48684253498265                    0 -0.00478498999155434                  270
                   2     4.48486004463535                    0 -0.00478498999154839                  270
                   2     4.48286213593179                    0 -0.00478498999153842                  270
                   2     4.48084882170537                    0 -0.00478498999152182                  270
                   2     4.47882011692644                    0 -0.00478498999149431                  270
                   2     4.47677603871493                    0 -0.00478498999144899                  270
                   2     4.47471660635217                    0 -0.00478498999137476                  270
                   2     4.47264184129148                    0 -0.00478498999125385                  270
                   2     4.47055176716725                    0 -0.00478498999105801                  270
                   2     4.46844640980194                    0 -0.00478498999074259                  270
                   2     4.46632579721004                    0 -0.00478498999023742                  270
                   2     4.46418995959798                    0  -0.0047849899894329                  270
                   2     4.46203892935776                    0 -0.00478498998815884                  270
                   2     4.45987274105199                    0 -0.00478498998615253                  270
                   2     4.45769143138596                    0 -0.00478498998301085                  270
                   2     4.45549503916118                    0 -0.00478498997811893                  270
                   2     4.45328360520204                    0 -0.00478498997054445                  270
                   2     4.45105717224356                    0 -0.00478498995888226                  270
                   2     4.44881578476344                    0 -0.00478498994102717                  270
                   2     4.44655948873453                    0  -0.0047849899138441                  270
                   2     4.44428833126447                    0 -0.00478498987269223                  270
                   2     4.44200236007624                    0 -0.00478498981074307                  270
                   2     4.43970162276585                    0 -0.00478498971800977                  270
                   2     4.43738616575036                    0  -0.0047849895799743                  270
                   2     4.43505603278782                    0 -0.00478498937565929                  270
                   2      4.4327112629106                    0 -0.00478498907493781                  270
                   2     4.43035188755978                    0 -0.00478498863480553                  270
                   2     4.42797792663996                    0 -0.00478498799425026                  270
                   2       4.425589383126                    0 -0.00478498706723985                  270
                   2     4.42318623574183                    0 -0.00478498573320489                  270
                   2     4.42076842909256                    0  -0.0047849838242115                  270
                   2     4.41833586045834                    0 -0.00478498110779571                  270
                   2      4.4158883622475                    0 -0.00478497726415595                  270
                   2     4.41342567885084                    0 -0.00478497185606838                  270
                   2     4.41094743633387                    0 -0.00478496428949299                  270
                   2     4.40845310304484                    0 -0.00478495376237185                  270
                   2     4.40594193879969                    0 -0.00478493919857916                  270
                   2     4.40341292983059                    0 -0.00478491916336612                  270
                   2     4.40086470615342                    0 -0.00478489175595263                  270
                   2     4.39829543742856                    0 -0.00478485447416322                  270
                   2     4.39570270276943                    0 -0.00478480404519802                  270
                   2     4.39308332931313                    0 -0.00478473621579813                  270
                   2     4.39043319373286                    0 -0.00478464549423935                  270
                   2     4.38774698027806                    0 -0.00478452483581668                  270
                   2     4.38501788842094                    0 -0.00478436526282226                  270
                   2     4.38223728282219                    0 -0.00478415540954439                  270
                   2     4.37939427817285                    0 -0.00478388098261189                  270
                   2     4.37647525159772                    0 -0.00478352412717582                  270
                   2     4.37346327580596                    0 -0.00478306269007039                  270
                   2     4.37033746713531                    0 -0.00478246937234378                  270
                   2     4.36707224415073                    0 -0.00478171076551854                  270
                   2     4.36363649461423                    0 -0.00478074626874341                  270
                   2     4.35999265151747                    0 -0.00477952688773552                  270
                   2     4.35609568252085                    0 -0.00477799392115962                  270
                   2      4.3518920016038                    0 -0.00477607754588938                  270
                   2     4.34731831699259                    0 -0.00477369531943608                  270
                   2     4.34230043544221                    0 -0.00477075062564209                  270
                   2     4.33675204959537                    0 -0.00476713109837705                  270
                   2      4.3305735422527                    0 -0.00476270706721775                  270
                   2     4.32365084871875                    0  -0.0047573300786225                  270
                   2     4.31585442562834                    0 -0.00475083155552104                  270
                   2     4.30703838142376                    0 -0.00474302166703738                  270
                   2     4.29703982950936                    0  -0.0047336884876742                  270
                   2     4.28567852956878                    0 -0.00472259753108424                  270
                   2     4.27275688508464                    0   -0.004709491746874                  270
                   2     4.25806036524058                    0 -0.00469409206906818                  270
                   2     4.24135841663786                    0  -0.0046760986012903                  270
                   2     4.22240592421257                    0 -0.00465519251585674                  270
                   2     4.20094527109537                    0 -0.00463103873144371                  270
                   2     4.17670903375063                    0 -0.00460328941656248                  270
                   2     4.14942333158592                    0 -0.00457158834378883                  270
                   2     4.11881182955707                    0 -0.00453557609283009                  270
                   2     4.08460036855868                    0 -0.00449489606965847                  270
                   2     4.04652217226655                    0 -0.00444920127498193                  270
                   2      4.0043235514971                    0 -0.00439816171944383                  270
                   2     3.95776999918424                    0 -0.00434147234659157                  270
                   2     3.90665254202854                    0 -0.00427886128949732                  270
                   2      3.8507941901407                    0 -0.00421009825476326                  270
                   2     3.79005630501948                    0 -0.00413500280036957                  270
                   2     3.72434469037549                    0 -0.00405345225324707                  270
                   2     3.65361520091592                    0 -0.00396538900024225                  270
                   2     3.57787866231149                    0 -0.00387082688368048                  270
                   2     3.49720490195206                    0  -0.0037698564410336                  270
                   2     3.41172570517306                    0 -0.00366264874779478                  270
                   2     3.32163653539205                    0 -0.00354945765354623                  270
                   2     3.22719688857193                    0 -0.00343062024277248                  270
                   2     3.12872919170184                    0 -0.00330655540302561                  270
                   2     3.02661620019978                    0 -0.00317776044182163                  270
                   2     2.92129689854643                    0 -0.00304480575786984                  270
                   2     2.81326096000283                    0 -0.00290832763923889                  270
                   2     2.70304187268686                    0  -0.0027690193279073                  270
                   2     2.59120888823792                    0 -0.00262762055378294                  270
                   2     2.47835799348408                    0 -0.00248490579871244                  270
                   2     2.36510214281527                    0 -0.00234167159947391                  270
                   2     2.25206101753246                    0 -0.00219872323588085                  270
                   2     2.13985059687196                    0 -0.00205686117408052                  270
                   2     2.02907283277183                    0 -0.00191686764470855                  270
                   2     1.92030571638655                    0 -0.00177949373028196                  270
                   2     1.81409400906871                    0  -0.0016454473163413                  270
                   2     1.71094088478911                    0 -0.00151538222738258                  270
                   2     1.61130069603924                    0 -0.00138988882321772                  270
                   2     1.51557303287022                    0 -0.00126948627629871                  270
                   2     1.42409819692116                    0 -0.00115461668840354                  270
                   2     1.33715416134231                    0 -0.00104564113885471                  270
                   2     1.25495503577112                    0 -0.000942837689174195                  270
                   2     1.17765100527008                    0 -0.000846401303758868                  270
                   2     1.10532966550914                    0 -0.000756445585551244                  270
                   2     1.03801863531758                    0 -0.000673006172178007                  270
                   2    0.975689293518273                    0 -0.000596045593556823                  270
                   2    0.918261460744401                    0 -0.000525459357897218                  270
                   2    0.865608829320573                    0 -0.000461083010119411                  270
                   2    0.817564935405473                    0 -0.00040269989516554                  270
                   2      0.7739294671473                    0 -0.000350049358098041                  270
                   2    0.734474709918999                    0 -0.00030283512238981                  270
                   2    0.698951943784834                    0 -0.000260733606119481                  270
                   2    0.667097627975686                    0  -0.0002234019612969                  270
                   2     0.63863923094177                    0 -0.000190485652470618                  270
                   2    0.613300591072442                    0 -0.000161625425244051                  270
                   2     0.59080672100862                    0 -0.000136463551511145                  270
                   2    0.570887996303419                    0 -0.000114649274399061                  270
                   2    0.553283695842703                    0 -9.58434105559156e-05                  270
                   2    0.537744885946982                    0 -7.97220992821519e-05                  270
                   2    0.524036661689844                    0 -6.59797161000723e-05                  270
                   2    0.511939777169423                    0 -5.43309920161532e-05                  270
                   2    0.501251710971142                    0 -4.45123985817848e-05                  270
                   2    0.491787223787673                    0 -3.62828728030958e-05                  270
                   2    0.483378472227424                    0 -2.94239651349179e-05                  270
                   2    0.475874746510845                    0 -2.3739498561986e-05                  270
                   2    0.469141900405708                    0 -1.90548276178034e-05                  270
                   2    0.463061539847831                    0 -1.52157837157631e-05                  270
                   2    0.457530032734966                    0 -1.20873880209609e-05                  270
                   2    0.452457396880218                    0 -9.55240594001546e-06                  270
                   2    0.447766116561842                    0 -7.50980879225989e-06                  270
                   2    0.443389930962261                    0 -5.87319893921752e-06                  270
                   2    0.439272630449366                    0 -4.56924510813285e-06                  270
                   2    0.435366889450496                    0 -3.53616528252741e-06                  270
                   2    0.431633157866915                    0 -2.72228568998049e-06                  270
                   2    0.428038626767731                    0 -2.08469634638882e-06                  270
                   2    0.424556278615076                    0 -1.58801648310596e-06                  270
                   2     0.42116402757628                    0 -1.20327707895263e-06                  270
                   2    0.417843951593408                    0 -9.06922668378503e-07                  270
                   2    0.414581614784819                    0 -6.79930572964997e-07                  270
                   2    0.411365476396035                    0 -5.07042639047092e-07                  270
                   2    0.408186380825225                    0 -3.76102364820462e-07                  270
                   2    0.405037122136264                    0 -2.77488854367493e-07                  270
                   2     0.40191207584815                    0 -2.03638224593669e-07                  270
                   2    0.398806890561802                    0 -1.48642795097693e-07                  270
                   2    0.395718232067173                    0 -1.07918497387581e-07                  270
                   2    0.392643572885615                    0 -7.79313454801409e-08                  270
                   2    0.389581020674951                    0 -5.59744241417429e-08                  270
                   2    0.386529179498488                    0 -3.99875968812996e-08                  270
                   2    0.383487038585987                    0 -2.84129505808556e-08                  270
                   2    0.380453883856248                    0  -2.007982772851e-08                  270
                   2    0.377429228098898                    0 -1.41141134430908e-08                  270
                   2     0.37441275630681                    0 -9.86721647878303e-09                  270
                   2    0.371404283197059                    0 -6.86089369518472e-09                  270
                   2    0.368403720449781                    0 -4.74470640988295e-09                  270
                   2    0.365411051627707                    0 -3.26346037259756e-09                  270
                   2    0.362426313114651                    0 -2.23246928495596e-09                  270
                   2    0.359449579731627                    0 -1.51889822507661e-09                  270
                   2    0.356480953958574                    0 -1.02779345364373e-09                  270
                   2    0.353520557913225                    0 -6.91695640001044e-10                  270
                   2    0.350568527421745                    0 -4.62971593354067e-10                  270
                   2    0.347625007664143                    0 -3.08192401286822e-10                  270
                   2    0.344690149996201                    0 -2.0404032543414e-10                  270
                   2     0.34176410964387                    0 -1.34349134248146e-10                  270
                   2    0.338847044039846                    0 -8.79785619356532e-11                  270
                   2    0.335939111629428                    0 -5.72981185067989e-11                  270
                   2    0.333040471016866                    0 -3.71128084861172e-11                  270
                   2    0.330151280357017                    0 -2.39070378077466e-11                  270
                   2     0.32727169692253                    0 -1.53159767854461e-11                  270
                   2    0.324401876795799                    0 -9.75841369516006e-12                  270
                   2    0.321541974649037                    0 -6.18340881969326e-12                  270
                   2    0.318692143586196                    0 -3.89663475097723e-12                  270
                   2    0.315852535028079                    0 -2.4420968719463e-12                  270
                   2    0.313023298627439                    0 -1.52211229731414e-12                  270
                   2    0.310204582204835                    0 -9.43495281902074e-13                  270
                   2    0.307396531698821                    0 -5.81621556472456e-13                  270
                   2    0.304599291126022                    0 -3.56573277848771e-13                  270
                   2    0.301813002548053                    0 -2.17401617541579e-13                  270
                   2     0.29903780604321                    0 -1.31819902216002e-13                  270
                   2    0.296273839681539                    0 -7.94884991162093e-14                  270
                   2    0.293521239502333                    0 -4.76684663963667e-14                  270
                   2    0.290780139493436                    0 -2.84286483243079e-14                  270
                   2    0.288050671571936                    0 -1.68606448247566e-14                  270
                   2    0.285332965565993                    0 -9.94516968777504e-15                  270
                   2    0.282627149197596                    0   -5.83387504971e-15                  270
                   2    0.279933348066158                    0 -3.4035274598665e-15                  270
                   2     0.27725168563288                    0 -1.97411531566161e-15                  270
                   2    0.274582283205808                    0 -1.13884596197877e-15                  270
                   2    0.271925259925593                    0 -6.53123388705268e-16                  270
                   2    0.269280732751908                    0 -3.72965547335014e-16                  270
                   2    0.266648816450525                    0 -2.1163626406917e-16                  270
                   2    0.264029623581037                    0 -1.18828558104411e-16                  270
                   2    0.261423264485236                    0 -6.67868538251071e-17                  270
                   2    0.258829847276123                    0 -3.72965547335014e-17                  270
                   2    0.256249477827571                    0 -2.08166817117217e-17                  270
                   2    0.253682259764625                    0 -1.12757025938492e-17                  270
                   2    0.251128294454442                    0 -6.07153216591882e-18                  270
                   2    0.248587680997876                    0 -3.46944695195361e-18                  270
                   2    0.246060516221701                    0 -1.73472347597681e-18                  270
                   2    0.243546894671472                    0 -8.67361737988404e-19                  270
                   2    0.241046908605022                    0 -8.67361737988404e-19                  270
                   2    0.238560647986604                    0                   -0                  270
                   2    0.236088200481658                    0                   -0                  270
                   2    0.233629651452214                    0                   -0                  270
                   2    0.231185083952933                    0                   -0                  270
                   2    0.228754578727769                    0                   -0                  270
                   2     0.22633821420726                    0                   -0                  270
                   2    0.223936066506446                    0                   -0                  270
                   2    0.221548209423402                    0                   -0                  270
                   2    0.219174714438394                    0                   -0                  270
                   2    0.216815650713651                    0                   -0                  270
                   2    0.214471085093738                    0                   -0                  270
                   2    0.212141082106549                    0                   -0                  270
                   2    0.209825703964891                    0                   -0                  270
                   2    0.207525010568678                    0                   -0                  270
                   2     0.20523905950771                    0                   -0                  270
                   2    0.202967906065047                    0                   -0                  270
                   2    0.200711603220964                    0                   -0                  270
                   2    0.198470201657491                    0                   -0                  270
                   2    0.196243749763524                    0                   -0                  270
                   2      0.1940322936405                    0                   -0                  270
                   2    0.191835877108649                    0                   -0                  270
                   2    0.189654541713789                    0                   -0                  270
                   2    0.187488326734679                    0                   -0                  270
                   2    0.185337269190921                    0                   -0                  270
                   2    0.183201403851393                    0                   -0                  270
                   2     0.18108076324322                    0                   -0                  270
                   2    0.178975377661269                    0                   -0                  270
                   2    0.176885275178164                    0                   -0                  270
                   2    0.174810481654808                    0                   -0                  270
                   2    0.172751020751421                    0                   -0                  270
                   2     0.17070691393906                    0                   -0                  270
                   2    0.168678180511643                    0                   -0                  270
                   2    0.166664837598447                    0                   -0                  270
                   2    0.164666900177083                    0                   -0                  270
                   2     0.16268438108694                    0                   -0                  270
                   2    0.160717291043084                    0                   -0                  270
                   2    0.158765638650612                    0                   -0                  270
                   2    0.156829430419442                    0                   -0                  270
                   2    0.154908670779548                    0                   -0                  270
                   2    0.153003362096609                    0                   -0                  270
                   2    0.151113504688082                    0                   -0                  270
                   2    0.149239096839685                    0                   -0                  270
                   2    0.147380134822273                    0                   -0                  270
                   2    0.145536612909116                    0                   -0                  270
                   2    0.143708523393546                    0                   -0                  270
                   2    0.141895856606989                    0                   -0                  270
                   2    0.140098600937354                    0                   -0                  270
                   2    0.138316742847781                    0                   -0                  270
                   2    0.136550266895734                    0                   -0                  270
                   2    0.134799155752431                    0                   -0                  270
                   2      0.1330633902226                    0                   -0                  270
                   2    0.131342949264555                    0                   -0                  270
                   2    0.129637810010582                    0                   -0                  270
                   2    0.127947947787618                    0                   -0                  270
                   2    0.126273336138233                    0                   -0                  270
                   2    0.124613946841876                    0                   -0                  270
                   2    0.122969749936405                    0                   -0                  270
                   2    0.121340713739875                    0                   -0                  270
                   2    0.119726804872574                    0                   -0                  270
                   2    0.118127988279304                    0                   -0                  270
                   2    0.116544227251901                    0                   -0                  270
                   2    0.114975483451964                    0                   -0                  270
                   2    0.113421716933816                    0                   -0                  270
                   2     0.11188288616765                    0                   -0                  270
                   2    0.110358948062889                    0                   -0                  270
                   2    0.108849857991715                    0                   -0                  270
                   2    0.107355569812781                    0                   -0                  270
                   2    0.105876035895092                    0                   -0                  270
                   2    0.104411207142035                    0                   -0                  270
                   2    0.102961033015563                    0                   -0                  270
                   2    0.101525461560515                    0                   -0                  270
                   2    0.100104439429061                    0                   -0                  270
                   2   0.0986979119052697                    0                   -0                  270
                   2   0.0973058229297892                    0                   -0                  270
                   2   0.0959281151246207                    0                   -0                  270
                   2   0.0945647298179906                    0                   -0                  270
                   2   0.0932156070693009                    0                   -0                  270
                   2   0.0918806856941561                    0                   -0                  270
                   2   0.0905599032894523                    0                   -0                  270
                   2   0.0892531962585229                    0                   -0                  270
                   2   0.0879604998363318                    0                   -0                  270
                   2   0.0866817481147029                    0                   -0                  270
                   2     0.08541687406758                    0                   -0                  270
                   2   0.0841658095763076                    0                   -0                  270
                   2   0.0829284854549234                    0                   -0                  270
                   2   0.0817048314754545                    0                   -0                  270
                   2   0.0804947763932103                    0                   -0                  270
                   2   0.0792982479720605                    0                   -0                  270
                   2    0.078115173009694                    0                   -0                  270
                   2   0.0769454773628477                    0                   -0                  270
                   2   0.0757890859724998                    0                   -0                  270
                   2   0.0746459228890166                    0                   -0                  270
                   2   0.0735159112972473                    0                   -0                  270
                   2   0.0723989735415602                    0                   -0                  270
                   2   0.0712950311508088                    0                   -0                  270
                   2   0.0702040048632248                    0                   -0                  270
                   2    0.069125814651228                    0                   -0                  270
                   2   0.0680603797461468                    0                   -0                  270
                   2   0.0670076186628419                    0                   -0                  270
                   2    0.065967449224227                    0                   -0                  270
                   2   0.0649397885856791                    0                   -0                  270
                   2   0.0639245532593312                    0                   -0                  270
                   2   0.0629216591382428                    0                   -0                  270
                   2   0.0619310215204388                    0                   -0                  270
                   2   0.0609525551328138                    0                   -0                  270
                   2   0.0599861741548925                    0                   -0                  270
                   2   0.0590317922424426                    0                   -0                  270
                   2   0.0580893225509329                    0                   -0                  270
                   2   0.0571586777588315                    0                   -0                  270
                   2   0.0562397700907383                    0                   -0                  270
                   2   0.0553325113403453                    0                   -0                  270
                   2   0.0544368128932221                    0                   -0                  270
                   2   0.0535525857494168                    0                   -0                  270
                   2   0.0526797405458731                    0                   -0                  270
                   2   0.0518181875786529                    0                   -0                  270
                   2   0.0509678368249636                    0                   -0                  270
                   2   0.0501285979649829                    0                   -0                  270
                   2   0.0493003804034791                    0                   -0                  270
                   2   0.0484830932912194                    0                   -0                  270
                   2   0.0476766455461648                    0                   -0                  270
                   2   0.0468809458744464                    0                   -0                  270
                   2    0.046095902791117                    0                   -0                  270
                   2   0.0453214246406793                    0                   -0                  270
                   2   0.0445574196173812                    0                   -0                  270
                   2   0.0438037957852789                    0                   -0                  270
                   2   0.0430604610980618                    0                   -0                  270
                   2   0.0423273234186378                    0                   -0                  270
                   2   0.0416042905384739                    0                   -0                  270
                   2    0.040891270196692                    0                   -0                  270
                   2   0.0401881700989133                    0                   -0                  270
                   2   0.0394948979358511                    0                   -0                  270
                   2   0.0388113614016499                    0                   -0                  270
                   2   0.0381374682119654                    0                   -0                  270
                   2   0.0374731261217873                    0                   -0                  270
                   2   0.0368182429429975                    0                   -0                  270
                   2   0.0361727265616673                    0                   -0                  270
                   2   0.0355364849550869                    0                   -0                  270
                   2   0.0349094262085294                    0                   -0                  270
                   2   0.0342914585317429                    0                   -0                  270
                   2   0.0336824902751748                    0                   -0                  270
                   2   0.0330824299459226                    0                   -0                  270
                   2   0.0324911862234115                    0                   -0                  270
                   2   0.0319086679747976                    0                   -0                  270
                   2   0.0313347842700967                    0                   -0                  270
                   2   0.0307694443970341                    0                   -0                  270
                   2   0.0302125578756206                    0                   -0                  270
                   2   0.0296640344724481                    0                   -0                  270
                   2   0.0291237842147091                    0                   -0                  270
                   2   0.0285917174039345                    0                   -0                  270
                   2   0.0280677446294555                    0                   -0                  270
                   2   0.0275517767815848                    0                   -0                  270
                   2   0.0270437250645184                    0                   -0                  270
                   2    0.026543501008958                    0                   -0                  270
                   2   0.0260510164844556                    0                   -0                  270
                   2    0.025566183711478                    0                   -0                  270
                   2   0.0250889152731927                    0                   -0                  270
                   2   0.0246191241269769                    0                   -0                  270
                   2    0.024156723615648                    0                   -0                  270
                   2    0.023701627478418                    0                   -0                  270
                   2    0.023253749861571                    0                   -0                  270
                   2   0.0228130053288667                    0                   -0                  270
                   2   0.0223793088716686                    0                   -0                  270
                   2   0.0219525759187997                    0                   -0                  270
                   2    0.021532722346126                    0                   -0                  270
                   2   0.0211196644858688                    0                   -0                  270
                   2   0.0207133191356479                    0                   -0                  270
                   2   0.0203136035672571                    0                   -0                  270
                   2   0.0199204355351718                    0                   -0                  270
                   2   0.0195337332847928                    0                   -0                  270
                   2   0.0191534155604263                    0                   -0                  270
                   2   0.0187794016130016                    0                   -0                  270
                   2     0.01841161120753                    0                   -0                  270
                   2   0.0180499646303039                    0                   -0                  270
                   2   0.0176943826958423                    0                   -0                  270
                   2   0.0173447867535794                    0                   -0                  270
                   2   0.0170010986943034                    0                   -0                  270
                   2   0.0166632409563436                    0                   -0                  270
                   2   0.0163311365315114                    0                   -0                  270
                   2   0.0160047089707944                    0                   -0                  270
                   2   0.0156838823898078                    0                   -0                  270
                   2   0.0153685814740062                    0                   -0                  270
                   2   0.0150587314836541                    0                   -0                  270
                   2   0.0147542582585639                    0                   -0                  270
                   2   0.0144550882225983                    0                   -0                  270
                   2   0.0141611483879422                    0                   -0                  270
                   2   0.0138723663591471                    0                   -0                  270
                   2   0.0135886703369491                    0                   -0                  270
                   2   0.0133099891218652                    0                   -0                  270
                   2    0.013036252117568                    0                   -0                  270
                   2    0.012767389334044                    0                   -0                  270
                   2   0.0125033313905378                    0                   -0                  270
                   2   0.0122440095182837                    0                   -0                  270
                   2    0.011989355563029                    0                   -0                  270
                   2   0.0117393019873512                    0                   -0                  270
                   2   0.0114937818727726                    0                   -0                  270
                   2   0.0112527289216752                    0                   -0                  270
                   2   0.0110160774590176                    0                   -0                  270
                   2    0.010783762433859                    0                   -0                  270
                   2   0.0105557194206921                    0                   -0                  270
                   2   0.0103318846205879                    0                   -0                  270
                   2    0.010112194862155                    0                   -0                  270
                   2  0.00989658760231948                    0                   -0                  270
                   2   0.0096850009269237                    0                   -0                  270
                   2  0.00947737355115119                    0                   -0                  270
                   2  0.00927364481977855                    0                   -0                  270
                   2  0.00907375470725813                    0                   -0                  270
                   2  0.00887764381763556                    0                   -0                  270
                   2  0.00868525338430259                    0                   -0                  270
                   2  0.00849652526959255                    0                   -0                  270
                   2  0.00831140196421698                    0                   -0                  270
                   2  0.00812982658655004                    0                   -0                  270
                   2   0.0079517428817627                    0                   -0                  270
                   2  0.00777709522080949                    0                   -0                  270
                   2  0.00760582859927095                    0                   -0                  270
                   2  0.00743788863605599                    0                   -0                  270
                   2   0.0072732215719663                    0                   -0                  270
                   2  0.00711177426812604                    0                   -0                  270
                   2  0.00695349420428015                    0                   -0                  270
                   2  0.00679832947696535                    0                   -0                  270
                   2  0.00664622879755383                    0                   -0                  270
                   2  0.00649714149017766                    0                   -0                  270
                   2  0.00635101748953171                    0                   -0                  270
                   2  0.00620780733856197                    0                   -0                  270
                   2  0.00606746218604126                    0                   -0                  270
                   2  0.00592993378403384                    0                   -0                  270
                   2  0.00579517448525491                    0                   -0                  270
                   2  0.00566313724032441                    0                   -0                  270
                   2  0.00553377559492185                    0                   -0                  270
                   2  0.00540704368684208                    0                   -0                  270
                   2  0.00528289624295664                    0                   -0                  270
                   2  0.00516128857608267                    0                   -0                  270
                   2  0.00504217658176365                    0                   -0                  270
                   2  0.00492551673496255                    0                   -0                  270
                   2  0.00481126608667304                    0                   -0                  270
                   2  0.00469938226044919                    0                   -0                  270
                   2   0.0045898234488575                    0                   -0                  270
                   2  0.00448254840985429                    0                   -0                  270
                   2  0.00437751646309059                    0                   -0                  270
                   2  0.00427468748614745                    0                   -0                  270
                   2  0.00417402191070437                    0                   -0                  270
                   2  0.00407548071864383                    0                   -0                  270
                   2  0.00397902543809348                    0                   -0                  270
                   2  0.00388461813941032                    0                   -0                  270
                   2  0.00379222143110725                    0                   -0                  270
                   2  0.00370179845572716                    0                   -0                  270
                   2  0.00361331288566358                    0                   -0                  270
                   2  0.00352672891893457                    0                   -0                  270
                   2   0.0034420112749084                    0                   -0                  270
                   2  0.00335912518998571                    0                   -0                  270
                   2  0.00327803641324009                    0                   -0                  270
                   2   0.0031987112020182                    0                   -0                  270
                   2  0.00312111631750434                    0                   -0                  270
                   2  0.00304521902024846                    0                   -0                  270
                   2  0.00297098706566201                    0                   -0                  270
                   2  0.00289838869948378                    0                   -0                  270
                   2  0.00282739265321685                    0                   -0                  270
                   2   0.0027579681395391                    0                   -0                  270
                   2  0.00269008484769029                    0                   -0                  270
                   2  0.00262371293883534                    0                   -0                  270
                   2  0.00255882304141009                    0                   -0                  270
                   2   0.0024953862464463                    0                   -0                  270
                   2  0.00243337410288114                    0                   -0                  270
                   2   0.0023727586128538                    0                   -0                  270
                   2  0.00231351222698717                    0                   -0                  270
                   2  0.00225560783966083                    0                   -0                  270
                   2  0.00219901878427375                    0                   -0                  270
                   2  0.00214371882850073                    0                   -0                  270
                   2  0.00208968216954264                    0                   -0                  270
                   2  0.00203688342937425                    0                   -0                  270
                   2  0.00198529764998712                    0                   -0                  270
                   2  0.00193490028863552                    0                   -0                  270
                   2  0.00188566721308081                    0                   -0                  270
                   2  0.00183757469683887                    0                   -0                  270
                   2  0.00179059941443194                    0                   -0                  270
                   2  0.00174471843664625                    0                   -0                  270
                   2  0.00169990922579544                    0                   -0                  270
                   2  0.00165614963099303                    0                   -0                  270
                   2  0.00161341788343483                    0                   -0                  270
                   2  0.00157169259169132                    0                   -0                  270
                   2  0.00153095273701298                    0                   -0                  270
                   2  0.00149117766864859                    0                   -0                  270
                   2  0.00145234709917919                    0                   -0                  270
                   2   0.0014144410998661                    0                   -0                  270
                   2   0.0013774400960177                    0                   -0                  270
                   2  0.00134132486237348                    0                   -0                  270
                   2  0.00130607651850678                    0                    0                  270
