PDF#42-1465: QM=Star(S); d=Diffractometer; I=Diffractometer
Gadolinium Oxide
Gd2 O3	White
Radiation=CuKa	Lambda=1.54184	Filter=Graph
Calibration=Internal(Si)	2T=14.877-68.846	I/Ic(RIR)=0.9
Ref: Martin, K., McCarthy, G., North Dakota State University, Fargo, North Dakota, USA.
ICDD Grant-in-Aid (1990)
Monoclinic - Single Crystal,  C2/m (12)	Z=6	mp=
CELL: 14.095 x 3.5765 x 8.7692 <90.0 x 100.08 x 90.0>	P.S=mC30 (O3 Sm2)
Density(c)=8.297	Density(m)=7.92A	Mwt=362.50	Vol=435.24	F(30)=35.1(.0127,67/0)
Ref: Ibid.

Strong Lines: 2.97/X 2.83/8 3.04/8 2.76/8 3.17/7 2.88/6 2.14/4 1.92/4 1.70/3 1.65/2
NOTE:  Sample obtained from Research Chemicals of Phoenix, Arizona, USA.
Sample annealed for 48 hours at 1300 C.
Average relative standard deviation in intensity of the ten strongest reflections for three specimen mounts=2.6%.
Validated by calculated pattern.
To replace 12-474.

2-Theta    d(Å)   I(f)  ( h k l)   Theta  1/(2d)   2pi/d  n^2  
 14.877  5.9500    6.0  (-2 0 1)   7.438  0.0840  1.0560     
 22.268  3.9890    6.0  (-2 0 2)  11.134  0.1253  1.5751     
 25.955  3.4300    5.0  (-4 0 1)  12.978  0.1458  1.8318     
 26.126  3.4080   16.0  ( 2 0 2)  13.063  0.1467  1.8437     
 28.153  3.1670   71.0  ( 1 1 1)  14.077  0.1579  1.9840     
 29.355  3.0400   77.0  ( 4 0 1)  14.678  0.1645  2.0668     
 30.063  2.9700  100.0  (-4 0 2)  15.032  0.1684  2.1156     
 31.048  2.8780   60.0  ( 0 0 3)  15.524  0.1737  2.1832     
 31.589  2.8300   81.0  (-3 1 0)  15.794  0.1767  2.2202     
 32.399  2.7610   77.0  (-1 1 2)  16.200  0.1811  2.2757     
 33.823  2.6480    3.0  ( 1 1 2)  16.911  0.1888  2.3728     
 35.773  2.5080    3.0  ( 2 0 3)  17.886  0.1994  2.5053     
 38.905  2.3130   12.0  ( 6 0 0)  19.452  0.2162  2.7165     
 39.800  2.2630    4.0  (-1 1 3)  19.900  0.2209  2.7765     
 41.010  2.1990   16.0  (-5 1 1)  20.505  0.2274  2.8573     
 41.563  2.1710    7.0  (-2 0 4)  20.781  0.2303  2.8941     
 41.663  2.1660    7.0  ( 1 1 3)  20.832  0.2308  2.9008     
 42.297  2.1350   37.0  (-3 1 3)  21.149  0.2342  2.9429     
 47.357  1.9180   36.0  ( 3 1 3)  23.679  0.2607  3.2759     
 47.687  1.9055    7.0  ( 6 0 2)  23.844  0.2624  3.2974     
 48.534  1.8742    3.0  (-5 1 3)  24.267  0.2668  3.3525     
 48.672  1.8692    4.0  (-1 1 4)  24.336  0.2675  3.3614     
 49.067  1.8551    4.0  ( 5 1 2)  24.533  0.2695  3.3870     
 50.782  1.7964    9.0  ( 1 1 4)  25.391  0.2783  3.4977     
 51.025  1.7884   17.0  ( 0 2 0)  25.513  0.2796  3.5133     
 51.865  1.7614   10.0  (-8 0 1)  25.932  0.2839  3.5672     
 52.222  1.7502    5.0  ( 0 2 1)  26.111  0.2857  3.5900     
 53.482  1.7119    5.0  (-2 2 1)  26.741  0.2921  3.6703     
 53.818  1.7020   28.0  (-7 1 2)  26.909  0.2938  3.6916     
 55.089  1.6657   18.0  (-4 0 5)  27.544  0.3002  3.7721     
 55.089  1.6657   18.0  ( 6 0 3)  27.544  0.3002  3.7721     
 55.392  1.6573   17.0  (-5 1 4)  27.696  0.3017  3.7912     
 55.570  1.6524   24.0  ( 7 1 1)  27.785  0.3026  3.8025     
 55.570  1.6524   24.0  ( 0 2 2)  27.785  0.3026  3.8025     
 56.091  1.6383    6.0  ( 5 1 3)  28.045  0.3052  3.8352     
 56.263  1.6337    4.0  ( 3 1 4)  28.131  0.3061  3.8460     
 57.120  1.6112    2.0  ( 2 0 5)  28.560  0.3103  3.8997     
 58.218  1.5834    3.0  ( 2 2 2)  29.109  0.3158  3.9682     
 58.636  1.5731   10.0  (-1 1 5)  29.318  0.3178  3.9941     
 59.606  1.5498    6.0  (-3 1 5)  29.803  0.3226  4.0542     
 59.990  1.5408   15.0  ( 4 2 1)  29.995  0.3245  4.0779     
 60.383  1.5317   16.0  (-4 2 2)  30.192  0.3264  4.1021     
 60.457  1.5300   14.0  ( 7 1 2)  30.229  0.3268  4.1067     
 60.915  1.5196   14.0  ( 0 2 3)  30.457  0.3290  4.1348     
 60.915  1.5196   14.0  ( 1 1 5)  30.457  0.3290  4.1348     
 61.173  1.5138    7.0  (-2 2 3)  30.587  0.3303  4.1506     
 62.491  1.4850    5.0  (-8 0 4)  31.246  0.3367  4.2311     
 63.646  1.4608    2.0  (-2 0 6)  31.823  0.3423  4.3012     
 63.763  1.4584    3.0  (-5 1 5)  31.882  0.3428  4.3083     
 63.876  1.4561    2.0  ( 2 2 3)  31.938  0.3434  4.3151     
 63.876  1.4561    2.0  ( 6 0 4)  31.938  0.3434  4.3151     
 64.737  1.4388    4.0  ( 0 0 6)  32.369  0.3475  4.3670     
 64.929  1.4350    3.0  (-9 1 1)  32.465  0.3484  4.3785     
 65.675  1.4205    2.0  (-6 2 1)  32.838  0.3520  4.4232     
 65.675  1.4205    2.0  (-4 0 6)  32.838  0.3520  4.4232     
 65.895  1.4163    3.0  (-9 1 0)  32.947  0.3530  4.4363     
 65.989  1.4145    2.0  (-9 1 2)  32.995  0.3535  4.4420     
 65.989  1.4145    2.0  (-6 2 0)  32.995  0.3535  4.4420     
 68.846  1.3626    2.0  ( 2 0 6)  34.423  0.3669  4.6112     
 68.846  1.3626    2.0  ( 9 1 1)  34.423  0.3669  4.6112     
