PDF#50-1886: QM=Indexed(I); d=Diffractometer; I=Diffractometer
Barium Copper Yttrium Oxide
Y Ba2 Cu3 O6.962	Black
Radiation=CuKa	Lambda=1.5418	Filter=Graph
Calibration=	2T=22.844-87.728	I/Ic(RIR)=
Ref: Ha, D., Superconductivity Group, Korea Research Inst. of Standards and Science, Yusong, Taejon, Korea.
Private Communication (1999)
Orthorhombic - (Unknown),  Pmmm (47)	Z=1	mp=
CELL: 3.8193 x 3.8847 x 11.6834 <90.0 x 90.0 x 90.0>	P.S=oP12.96 (?)
Density(c)=6.376	Density(m)=6.50A	Mwt=665.59	Vol=173.34	F(30)=23.4(0.022,58/0)
Ref: Ibid.

Strong Lines: 2.73/X 2.75/5 1.58/3 1.95/2 1.94/2 2.34/2 2.23/2 3.89/1 1.57/1 1.36/1
NOTE:  A mixture of Y2 O3, Ba C O3, La2 O3 and Cu O was calcined at 910 C for 25 hours in air.
La2 O3 powder was dried at 1000 C for 6 hours prior to weighing.
The calcined material was pulverized, pelletized and sintered at 945 C for 50 hours in an oxygen atmosphere with intermediate grinding, then annealed at 500 C for 4 hours, followed by furnace cooling.
Oxygen content was determined by the iodometric titration method.

2-Theta    d(Å)   I(f)  ( h k l)    Theta  1/(2d)   2pi/d  n^2  
 22.844  3.8896   14.0  ( 0 1 0)   11.422  0.1285  1.6154     
 22.844  3.8896   14.0  ( 0 0 3)   11.422  0.1285  1.6154     
 23.271  3.8193    2.0  ( 1 0 0)   11.635  0.1309  1.6451     
 27.552  3.2347    2.0  ( 0 1 2)   13.776  0.1546  1.9424     
 27.887  3.1967    4.0  ( 1 0 2)   13.943  0.1564  1.9655     
 30.582  2.9208    1.0  ( 0 0 4)   15.291  0.1712  2.1512     
 32.529  2.7503   54.0  ( 0 1 3)   16.264  0.1818  2.2845     
 32.838  2.7251  100.0  ( 1 0 3)   16.419  0.1835  2.3057     
 32.838  2.7251  100.0  ( 1 1 0)   16.419  0.1835  2.3057     
 36.366  2.4684    3.0  ( 1 1 2)   18.183  0.2026  2.5454     
 38.513  2.3356   19.0  ( 0 1 4)   19.257  0.2141  2.6902     
 38.513  2.3356   19.0  ( 0 0 5)   19.257  0.2141  2.6902     
 38.781  2.3201    3.0  ( 1 0 4)   19.390  0.2155  2.7082     
 40.379  2.2319   16.0  ( 1 1 3)   20.189  0.2240  2.8152     
 45.358  1.9978     <1  ( 0 1 5)   22.679  0.2503  3.1451     
 45.358  1.9978     <1  ( 1 0 5)   22.679  0.2503  3.1451     
 46.605  1.9472   23.0  ( 0 0 6)   23.302  0.2568  3.2268     
 46.729  1.9423   21.0  ( 0 2 0)   23.365  0.2574  3.2349     
 47.578  1.9096    9.0  ( 2 0 0)   23.789  0.2618  3.2903     
 51.488  1.7734    4.0  ( 1 1 5)   25.744  0.2819  3.5430     
 52.567  1.7395    2.0  ( 0 2 3)   26.284  0.2874  3.6121     
 52.567  1.7395    2.0  ( 0 1 6)   26.284  0.2874  3.6121     
 52.780  1.7330    2.0  ( 1 0 6)   26.390  0.2885  3.6256     
 52.780  1.7330    2.0  ( 1 2 0)   26.390  0.2885  3.6256     
 53.404  1.7142    2.0  ( 2 1 0)   26.702  0.2917  3.6654     
 53.404  1.7142    2.0  ( 2 0 3)   26.702  0.2917  3.6654     
 54.967  1.6691    2.0  ( 0 0 7)   27.484  0.2996  3.7644     
 55.298  1.6599    1.0  ( 1 2 2)   27.649  0.3012  3.7853     
 58.234  1.5830   30.0  ( 1 2 3)   29.117  0.3159  3.9692     
 58.234  1.5830   30.0  ( 1 1 6)   29.117  0.3159  3.9692     
 58.821  1.5686   12.0  ( 2 1 3)   29.410  0.3188  4.0056     
 60.396  1.5314    1.0  ( 0 1 7)   30.198  0.3265  4.1029     
 60.396  1.5314    1.0  ( 1 0 7)   30.198  0.3265  4.1029     
 62.087  1.4937    2.0  ( 0 2 5)   31.043  0.3347  4.2065     
 62.290  1.4893    1.0  ( 1 2 4)   31.145  0.3357  4.2189     
 62.802  1.4784    3.0  ( 2 1 4)   31.401  0.3382  4.2500     
 62.802  1.4784    3.0  ( 2 0 5)   31.401  0.3382  4.2500     
 65.540  1.4231    3.0  ( 1 1 7)   32.770  0.3513  4.4151     
 68.128  1.3752    5.0  ( 0 2 6)   34.064  0.3636  4.5689     
 68.594  1.3670    5.0  ( 0 1 8)   34.297  0.3658  4.5963     
 68.777  1.3638   10.0  ( 1 0 8)   34.389  0.3666  4.6071     
 68.777  1.3638   10.0  ( 2 0 6)   34.389  0.3666  4.6071     
 68.898  1.3617    4.0  ( 2 2 0)   34.449  0.3672  4.6142     
 72.789  1.2982     <1  ( 0 0 9)   36.395  0.3851  4.8399     
 73.070  1.2939     <1  ( 1 2 6)   36.535  0.3864  4.8560     
 73.540  1.2868    2.0  ( 2 1 6)   36.770  0.3886  4.8828     
 73.540  1.2868    2.0  ( 1 1 8)   36.770  0.3886  4.8828     
 73.633  1.2854    1.0  ( 2 2 3)   36.816  0.3890  4.8881     
 74.960  1.2659     <1  ( 0 2 7)   37.480  0.3950  4.9634     
 75.605  1.2567     <1  ( 2 0 7)   37.802  0.3979  4.9998     
 77.457  1.2312    3.0  ( 0 1 9)   38.729  0.4061  5.1033     
 77.630  1.2289    7.0  ( 0 3 3)   38.815  0.4069  5.1129     
 77.630  1.2289    7.0  ( 1 0 9)   38.815  0.4069  5.1129     
 77.825  1.2263    4.0  ( 1 3 0)   38.913  0.4077  5.1237     
 79.085  1.2099    4.0  ( 3 1 0)   39.542  0.4133  5.1931     
 79.085  1.2099    4.0  ( 3 0 3)   39.542  0.4133  5.1931     
 81.797  1.1765    2.0  ( 2 2 5)   40.899  0.4250  5.3406     
 82.196  1.1718    1.0  ( 1 1 9)   41.098  0.4267  5.3620     
 82.375  1.1697    2.0  ( 1 3 3)   41.188  0.4275  5.3716     
 83.631  1.1553    1.0  ( 3 1 3)   41.816  0.4328  5.4386     
 87.021  1.1188    2.0  ( 0 1 10)  43.511  0.4469  5.6160     
 87.177  1.1172    5.0  ( 1 0 10)  43.588  0.4475  5.6240     
 87.284  1.1161    7.0  ( 2 2 6)   43.642  0.4480  5.6296     
 87.284  1.1161    7.0  ( 1 2 8)   43.642  0.4480  5.6296     
 87.728  1.1116    2.0  ( 2 1 8)   43.864  0.4498  5.6524     
